regex,tags
